SBB_0001 GM 20091115 3.0 20101115 2 YIELD 3.0 BBB -1000 100.000 0.010 -0.098 -0.000 100.000 0.010 -0.098 0.000
SBB_0012 TT 20091115 5.0 20101115 2 SPREAD 30 BB   1000 103.664 0.010 0.102 200.000 103.664 0.010 0.102 0.200
SBB_0002 GM 20091115 3.5 20111115 2 YIELD 3.1 BBB -10000 100.770 0.019 -1.934 -0.000 100.770 0.019 -1.934 0.000
SBB_0003 GM 20091115 3.8 20121115 2 YIELD 3.2 BBB -100000 101.703 0.029 -28.679 -0.000 101.703 0.029 -28.679 0.000
SBB_0004 FG 20091115 3.9 20131115 2 YIELD 3.3 BB  -1000 102.231 0.038 -0.377 -200.000 102.231 0.038 -0.377 0.200
SBB_0005 FG 20091115 4.0 20141115 2 YIELD 3.4 BB  -1000 102.738 0.046 -0.463 -200.000 102.738 0.046 -0.463 0.200
SBB_0006 FG 20091115 5.0 20151115 2 YIELD 3.5 BB   1000 108.055 0.056 0.562 200.000 108.055 0.056 0.562 0.200
SBB_0007 YU 20091115 5.5 20161115 2 YIELD 3.6 BB   1000 111.664 0.066 0.655 200.000 111.664 0.066 0.655 0.200
SBB_0008 XY 20091115 5.0 20171115 2 YIELD 3.7 AA   1000 108.931 0.072 0.723 0.000 108.931 0.072 0.723 0.000
SBB_0009 XY 20091115 5.0 20181115 2 YIELD 3.8 AA   10000 109.075 0.080 7.963 0.000 109.075 0.080 7.963 0.000
SBB_0010 XY 20091115 5.0 20191115 2 YIELD 3.9 AA   100000 109.037 0.087 86.523 0.000 109.037 0.087 86.523 0.000
SBB_0011 TT 20091115 0.0 20291115 2 YIELD 4.0 AAA  500000 45.289 0.089 444.011 0.000 45.289 0.089 444.011 0.000
